name: rrh

model_type: regression

fit_filters:
- price_sqft > 0.5
- price_sqft < 7

predict_filters: null

model_expression: np.log(price_sqft) ~ np.log1p(sqft_per_unit) + ave_lot_size_per_unit
    + ave_income  + pct_black + pct_hisp + pct_asian + pct_renters + population +
    autoPeakTotal + transitPeakTotal + autoOffPeakRetail + jobs

ytransform: np.exp

fitted: true

fit_parameters:
    Coefficient:
        Intercept: 7.620251804263649
        autoOffPeakRetail: 0.08140205189437923
        autoPeakTotal: -0.48120914894831124
        ave_income: 0.059493882004347416
        ave_lot_size_per_unit: -0.06167076226192403
        jobs: 0.0669453878824466
        np.log1p(sqft_per_unit): -0.33704381972222475
        pct_asian: 0.006476988932208119
        pct_black: -0.006704023586900009
        pct_hisp: -0.003734889591785621
        pct_renters: -0.003257107385792336
        population: 0.03478918414768923
        transitPeakTotal: 0.019871584039771732
    Std. Error:
        Intercept: 0.08265322866974854
        autoOffPeakRetail: 0.015757387349983224
        autoPeakTotal: 0.014672946831235696
        ave_income: 0.0015285898394168107
        ave_lot_size_per_unit: 0.0012169584995340682
        jobs: 0.000663444616437205
        np.log1p(sqft_per_unit): 0.002316180776515508
        pct_asian: 0.0001056805342225485
        pct_black: 9.858162526150225e-05
        pct_hisp: 0.00010218248181675959
        pct_renters: 0.00015664817844610745
        population: 0.0019387269062023677
        transitPeakTotal: 0.000575052230342078
    T-Score:
        Intercept: 92.19545233630656
        autoOffPeakRetail: 5.165961214659478
        autoPeakTotal: -32.79567182264408
        ave_income: 38.920762437519265
        ave_lot_size_per_unit: -50.67614243668593
        jobs: 100.9057669982359
        np.log1p(sqft_per_unit): -145.51706116362723
        pct_asian: 61.288381818438594
        pct_black: -68.00479875551454
        pct_hisp: -36.55117320876266
        pct_renters: -20.79250086468702
        population: 17.944344835980665
        transitPeakTotal: 34.55613767109613

fit_rsquared_adj: 0.5065130570872128

fit_rsquared: 0.5065940307012442
