name: rh_cl

model_type: regression

fit_filters:
- price_sqft > 0.5
- price_sqft < 7

predict_filters: null

model_expression: np.log(price_sqft) ~ np.log(bedrooms) + np.log1p(sqft) + ave_income
    + poor + renters + sfdu + autoPeakTotal + transitPeakTotal + autoOffPeakRetail
    + ave_lot_size_per_unit + sum_nonresidential_units + sum_residential_units

ytransform: np.exp

fitted: true

fit_parameters:
    Coefficient:
        Intercept: 7.753686022938048
        autoOffPeakRetail: 0.4437782633630034
        autoPeakTotal: -0.8038819023898416
        ave_income: 0.03603377067879805
        ave_lot_size_per_unit: -0.03821589645766209
        np.log(bedrooms): -0.017208708102643848
        np.log1p(sqft): -0.3283068101841834
        poor: -0.18732627064210877
        renters: 0.034931733685088985
        sfdu: -0.07761719748152868
        sum_nonresidential_units: 0.030162825194367304
        sum_residential_units: 0.25599279037810047
        transitPeakTotal: 0.019601482381948615
    Std. Error:
        Intercept: 0.08451903034344305
        autoOffPeakRetail: 0.01573307866244586
        autoPeakTotal: 0.014417252811982901
        ave_income: 0.0014068961431260387
        ave_lot_size_per_unit: 0.001198610412374131
        np.log(bedrooms): 0.0035285402466766736
        np.log1p(sqft): 0.0038762770722205854
        poor: 0.002340587849853807
        renters: 0.002493209258724809
        sfdu: 0.0009943369376335617
        sum_nonresidential_units: 0.0007158220602091227
        sum_residential_units: 0.003565900778471173
        transitPeakTotal: 0.0005725647335467739
    T-Score:
        Intercept: 91.73893727165287
        autoOffPeakRetail: 28.206702126411017
        autoPeakTotal: -55.75832739242077
        ave_income: 25.612246401310887
        ave_lot_size_per_unit: -31.883501146937707
        np.log(bedrooms): -4.877004908432524
        np.log1p(sqft): -84.69642496327224
        poor: -80.03385587676581
        renters: 14.010750827612187
        sfdu: -78.05925189327783
        sum_nonresidential_units: 42.13732276643644
        sum_residential_units: 71.78909517719491
        transitPeakTotal: 34.234526217719505

fit_rsquared_adj: 0.5088480870241425

fit_rsquared: 0.5089286400460746
