name: Residential Rent Hedonic

model_type: regression

fit_filters: null

predict_filters: null

model_expression: np.log1p(rent) ~ np.log1p(unit_sqft) + sum_residential_units + ave_unit_sqft
    + ave_lot_sqft + jobs

ytransform: np.exp

fitted: true

fit_parameters:
    Coefficient:
        Intercept: 2.1776372795070618
        ave_lot_sqft: 0.0053070252618946006
        ave_unit_sqft: -0.011882589349051596
        jobs: 0.014172463965846871
        np.log1p(unit_sqft): -0.19932107521431613
        sum_residential_units: 0.02414510318230409
    Std. Error:
        Intercept: 0.07285217176310033
        ave_lot_sqft: 0.0031436206437232875
        ave_unit_sqft: 0.00784598959480748
        jobs: 0.0007697073063998479
        np.log1p(unit_sqft): 0.007872195050604108
        sum_residential_units: 0.0029791307139895146
    T-Score:
        Intercept: 29.89117862660666
        ave_lot_sqft: 1.6881888317188896
        ave_unit_sqft: -1.5144793662376967
        jobs: 18.412796459131638
        np.log1p(unit_sqft): -25.319631174410542
        sum_residential_units: 8.104747827586953

fit_rsquared_adj: 0.21928017953761025

fit_rsquared: 0.22018862708294706
