name: Residential Rent Hedonic

model_type: regression

fit_filters: null

predict_filters:
- general_type == 'Residential'

model_expression: np.log1p(rent) ~ np.log1p(unit_sqft) + sum_residential_units + ave_unit_sqft
    + ave_lot_sqft + jobs

ytransform: np.exp

fitted: true

fit_parameters:
    Coefficient:
        Intercept: 2.238865171970364
        ave_lot_sqft: -0.01042216334370384
        ave_unit_sqft: 0.004854149528065711
        jobs: 0.011642011657357697
        np.log1p(unit_sqft): -0.20021806882811138
        sum_residential_units: 0.01808320763977301
    Std. Error:
        Intercept: 0.07129909684436368
        ave_lot_sqft: 0.0006926150959076726
        ave_unit_sqft: 0.006548210479129069
        jobs: 0.0008004455263230957
        np.log1p(unit_sqft): 0.007669243585826863
        sum_residential_units: 0.002852191119585038
    T-Score:
        Intercept: 31.401031304190358
        ave_lot_sqft: -15.04755441410873
        ave_unit_sqft: 0.7412940594284817
        jobs: 14.544414672209012
        np.log1p(unit_sqft): -26.106625325882746
        sum_residential_units: 6.340110771540413

fit_rsquared_adj: 0.257098911280493

fit_rsquared: 0.2579633528545209
