name: rrh

model_type: regression

fit_filters:
- price_sqft > 0.5
- price_sqft < 7

predict_filters: null

model_expression: np.log(price_sqft) ~ np.log1p(sqft_per_unit) + ave_income + poor
    + renters + sfdu + autoPeakTotal + transitPeakTotal + autoOffPeakRetail + ave_lot_size_per_unit
    + sum_nonresidential_units + sum_residential_units

ytransform: np.exp

fitted: true

fit_parameters:
    Coefficient:
        Intercept: 7.94102560435994
        autoOffPeakRetail: 0.4399504420858955
        autoPeakTotal: -0.7994613639097529
        ave_income: 0.026542881393794522
        ave_lot_size_per_unit: -0.0323482337781312
        np.log1p(sqft_per_unit): -0.3515675280183011
        poor: -0.18599185567507942
        renters: 0.04053218950337713
        sfdu: -0.09383455708899638
        sum_nonresidential_units: 0.003523249746344464
        sum_residential_units: 0.29259336683195103
        transitPeakTotal: 0.019682269836165018
    Std. Error:
        Intercept: 0.083070804644086
        autoOffPeakRetail: 0.01593370340683006
        autoPeakTotal: 0.014609593460579608
        ave_income: 0.0014221307488325608
        ave_lot_size_per_unit: 0.0012156914294617319
        np.log1p(sqft_per_unit): 0.0023481001018626113
        poor: 0.0023572174423075977
        renters: 0.002520584026328398
        sfdu: 0.0009273862818534141
        sum_nonresidential_units: 0.0006767992207057428
        sum_residential_units: 0.0035096548069094577
        transitPeakTotal: 0.0005798193646985662
    T-Score:
        Intercept: 95.59345955998609
        autoOffPeakRetail: 27.611311121638465
        autoPeakTotal: -54.721670802606695
        ave_income: 18.664163907280535
        ave_lot_size_per_unit: -26.608918179553125
        np.log1p(sqft_per_unit): -149.72425057152503
        poor: -78.90313907273769
        renters: 16.080475429505213
        sfdu: -101.1817393950067
        sum_nonresidential_units: 5.2057532552572106
        sum_residential_units: 83.36813246018453
        transitPeakTotal: 33.945519992070885

fit_rsquared_adj: 0.4967439308639251

fit_rsquared: 0.4968195908849796
