name: rrh

model_type: regression

fit_filters:
- price_sqft > 0.5
- price_sqft < 7

predict_filters: null

model_expression: np.log(price_sqft) ~ np.log1p(sqft_per_unit) + ave_income + poverty_rate
    + renters + sfdu + autoPeakTotal + transitPeakTotal + autoOffPeakRetail + ave_lot_size_per_unit
    + sum_nonresidential_units + sum_residential_units

ytransform: np.exp

fitted: true

fit_parameters:
    Coefficient:
        Intercept: 7.943695178452602
        autoOffPeakRetail: 0.3778150601388181
        autoPeakTotal: -0.745047566673847
        ave_income: 0.0778375690293317
        ave_lot_size_per_unit: -0.036313567569101424
        np.log1p(sqft_per_unit): -0.3484268153390967
        poverty_rate: -0.9444535722858374
        renters: 0.040587195588010085
        sfdu: -0.09893613844644161
        sum_nonresidential_units: 0.00436638344660815
        sum_residential_units: 0.14969485716734304
        transitPeakTotal: 0.018584140713625002
    Std. Error:
        Intercept: 0.08380208655985853
        autoOffPeakRetail: 0.016045034326747625
        autoPeakTotal: 0.014733073950873674
        ave_income: 0.0013568814293030054
        ave_lot_size_per_unit: 0.0012245938711245676
        np.log1p(sqft_per_unit): 0.0023672104378709685
        poverty_rate: 0.013560662845182102
        renters: 0.0025503570067035436
        sfdu: 0.0009329779530175001
        sum_nonresidential_units: 0.000683507510556075
        sum_residential_units: 0.002316610544945759
        transitPeakTotal: 0.0005855054326145738
    T-Score:
        Intercept: 94.79113831823918
        autoOffPeakRetail: 23.547164340370863
        autoPeakTotal: -50.56972965439201
        ave_income: 57.36504852108915
        ave_lot_size_per_unit: -29.65355978448103
        np.log1p(sqft_per_unit): -147.18877957148004
        poverty_rate: -69.64656396729069
        renters: 15.914319242885506
        sfdu: -106.04338304721531
        sum_nonresidential_units: 6.388201123138839
        sum_residential_units: 64.61805049361372
        transitPeakTotal: 31.740338651748363

fit_rsquared_adj: 0.48787278858113003

fit_rsquared: 0.48794978229859287
