name: rrh

model_type: regression

fit_filters:
- price_sqft > 0.5
- price_sqft < 7

predict_filters: null

model_expression: np.log(price_sqft) ~ np.log1p(sqft_per_unit) + ave_income + poverty_rate
    + renters + sfdu + autoPeakTotal + transitPeakTotal + autoOffPeakRetail + ave_lot_size_per_unit
    + sum_nonresidential_units + sum_residential_units

ytransform: np.exp

fitted: true

fit_parameters:
    Coefficient:
        Intercept: 7.857824467192209
        autoOffPeakRetail: 0.3830444948512802
        autoPeakTotal: -0.7512507413388627
        ave_income: 0.08959023907550179
        ave_lot_size_per_unit: -0.043156759812844545
        np.log1p(sqft_per_unit): -0.3402291772610696
        poverty_rate: -0.99333809511656
        renters: 0.03311558082546402
        sfdu: -0.08235649355905683
        sum_nonresidential_units: 0.03233186476898437
        sum_residential_units: 0.1130033751303959
        transitPeakTotal: 0.018440221276310082
    Std. Error:
        Intercept: 0.08257413865168466
        autoOffPeakRetail: 0.015817255207220972
        autoPeakTotal: 0.014513626886717531
        ave_income: 0.0013489902894483663
        ave_lot_size_per_unit: 0.001205787963025103
        np.log1p(sqft_per_unit): 0.0023418162199570305
        poverty_rate: 0.013402335713240463
        renters: 0.00252031291944089
        sfdu: 0.0009909817843387163
        sum_nonresidential_units: 0.0007095761333351082
        sum_residential_units: 0.0024067968239124132
        transitPeakTotal: 0.0005772525597361229
    T-Score:
        Intercept: 95.16084085767083
        autoOffPeakRetail: 24.216875167849025
        autoPeakTotal: -51.76175102216432
        ave_income: 66.41281243924841
        ave_lot_size_per_unit: -35.79133407881438
        np.log1p(sqft_per_unit): -145.28432007671054
        poverty_rate: -74.1167895186523
        renters: 13.139471916372365
        sfdu: -83.10596103843972
        sum_nonresidential_units: 45.56503981753168
        sum_residential_units: 46.95177175225833
        transitPeakTotal: 31.94480642015617

fit_rsquared_adj: 0.5017392674343767

fit_rsquared: 0.5018141764515323
