name: Residential Rent Hedonic

model_type: regression

fit_filters: null

predict_filters:
- general_type == 'Residential'

model_expression: np.log1p(rent) ~ np.log1p(unit_sqft) + sum_residential_units + ave_unit_sqft
    + ave_lot_sqft + jobs

ytransform: np.exp

fitted: true

fit_parameters:
    Coefficient:
        Intercept: 2.206209634316291
        ave_lot_sqft: 0.008925052599655234
        ave_unit_sqft: -0.022773303472522925
        jobs: 0.0306638484352557
        np.log1p(unit_sqft): -0.19928474256125667
        sum_residential_units: 0.021582730966257353
    Std. Error:
        Intercept: 0.06306125025931283
        ave_lot_sqft: 0.0027131867881994877
        ave_unit_sqft: 0.00374204222812317
        jobs: 0.0014662396346901466
        np.log1p(unit_sqft): 0.007761483734639144
        sum_residential_units: 0.0029674545591622057
    T-Score:
        Intercept: 34.98518702442757
        ave_lot_sqft: 3.289509088896174
        ave_unit_sqft: -6.085795425121359
        jobs: 20.913258453646797
        np.log1p(unit_sqft): -25.67611417799641
        sum_residential_units: 7.273146238960692

fit_rsquared_adj: 0.24094338287499328

fit_rsquared: 0.24182662306247882
