name: rrh

model_type: regression

fit_filters: null

predict_filters:
- general_type == 'Residential'

model_expression: np.log1p(rent) ~ np.log1p(unit_sqft) + sum_residential_units + ave_unit_sqft
    + ave_lot_sqft + jobs

ytransform: np.exp

fitted: true

fit_parameters:
    Coefficient:
        Intercept: 2.5403531578400247
        ave_lot_sqft: -0.036487189041966364
        ave_unit_sqft: 0.0006098445454676632
        jobs: 0.07522620398993973
        np.log1p(unit_sqft): -0.1952819220137812
        sum_residential_units: -0.026777947624045888
    Std. Error:
        Intercept: 0.3818929676115666
        ave_lot_sqft: 0.02731006820239852
        ave_unit_sqft: 0.014638570110278887
        jobs: 0.014900635181669501
        np.log1p(unit_sqft): 0.030179704540426636
        sum_residential_units: 0.02411951072497868
    T-Score:
        Intercept: 6.6520029780278245
        ave_lot_sqft: -1.3360343435085913
        ave_unit_sqft: 0.04166011713394354
        jobs: 5.048523306072327
        np.log1p(unit_sqft): -6.470637303695107
        sum_residential_units: -1.1102193543384804

fit_rsquared_adj: 0.38097737965764245

fit_rsquared: 0.39846389435657914
