name: rrh

model_type: regression

fit_filters: null

predict_filters:
- general_type == 'Residential'

model_expression: np.log1p(rent) ~ np.log1p(unit_sqft) + sum_residential_units + ave_unit_sqft
    + ave_lot_sqft + jobs

ytransform: np.exp

fitted: true

fit_parameters:
    Coefficient:
        Intercept: 2.540353157840034
        ave_lot_sqft: -0.036487189041966864
        ave_unit_sqft: 0.0006098445454676285
        jobs: 0.07522620398994005
        np.log1p(unit_sqft): -0.19528192201378128
        sum_residential_units: -0.026777947624046505
    Std. Error:
        Intercept: 0.3818929676115674
        ave_lot_sqft: 0.027310068202398525
        ave_unit_sqft: 0.014638570110278878
        jobs: 0.014900635181669505
        np.log1p(unit_sqft): 0.030179704540426636
        sum_residential_units: 0.024119510724978702
    T-Score:
        Intercept: 6.652002978027836
        ave_lot_sqft: -1.3360343435086095
        ave_unit_sqft: 0.041660117133941195
        jobs: 5.0485233060723465
        np.log1p(unit_sqft): -6.47063730369511
        sum_residential_units: -1.110219354338505

fit_rsquared_adj: 0.38097737965764233

fit_rsquared: 0.39846389435657903
