name: rrh

model_type: regression

fit_filters:
- price_sqft > 0.5
- price_sqft < 7

predict_filters: null

model_expression: np.log(price_sqft) ~ np.log1p(sqft_per_unit) + ave_income + poor
    + renters + sfdu + autoPeakTotal + transitPeakTotal + autoOffPeakRetail + ave_lot_size_per_unit
    + sum_nonresidential_units + sum_residential_units

ytransform: np.exp

fitted: true

fit_parameters:
    Coefficient:
        Intercept: 7.853846180696018
        autoOffPeakRetail: 0.4442874996584253
        autoPeakTotal: -0.8048463848674745
        ave_income: 0.03612204808781836
        ave_lot_size_per_unit: -0.038341495799051106
        np.log1p(sqft_per_unit): -0.3434239475205715
        poor: -0.18850828240705253
        renters: 0.03475394609429119
        sfdu: -0.0781199348291004
        sum_nonresidential_units: 0.030378136344083803
        sum_residential_units: 0.25759078339221203
        transitPeakTotal: 0.019599109846124847
    Std. Error:
        Intercept: 0.08199867272108409
        autoOffPeakRetail: 0.01573518203892314
        autoPeakTotal: 0.014418141218035413
        ave_income: 0.0014069987595331415
        ave_lot_size_per_unit: 0.001198520313620232
        np.log1p(sqft_per_unit): 0.0023279211960158933
        poor: 0.002328368319920007
        renters: 0.0024933309339001896
        sfdu: 0.0009891331705573537
        sum_nonresidential_units: 0.0007145705989506373
        sum_residential_units: 0.0035513680641646277
        transitPeakTotal: 0.0005726536854505128
    T-Score:
        Intercept: 95.78016228885349
        autoOffPeakRetail: 28.235294549463678
        autoPeakTotal: -55.82178539496517
        ave_income: 25.67312006714496
        ave_lot_size_per_unit: -31.990693326871845
        np.log1p(sqft_per_unit): -147.52387155902113
        poor: -80.9615389430865
        renters: 13.938761847360299
        sfdu: -78.97817721053842
        sum_nonresidential_units: 42.51243528448381
        sum_residential_units: 72.53283206307256
        transitPeakTotal: 34.22506541751498

fit_rsquared_adj: 0.5086951127881157

fit_rsquared: 0.5087689760565199
