name: Residential Rent Hedonic

model_type: regression

fit_filters: null

predict_filters:
- general_type == 'Residential'

model_expression: np.log1p(rent) ~ np.log1p(unit_sqft) + sum_residential_units + ave_unit_sqft
    + ave_lot_sqft + jobs

ytransform: np.exp

fitted: true

fit_parameters:
    Coefficient:
        Intercept: 2.0663850318753667
        ave_lot_sqft: -0.020679991900455913
        ave_unit_sqft: 0.04170594954934134
        jobs: 0.021569843978934612
        np.log1p(unit_sqft): -0.19953151984397383
        sum_residential_units: 0.013017546333012942
    Std. Error:
        Intercept: 0.05979731483994645
        ave_lot_sqft: 0.003472637573254766
        ave_unit_sqft: 0.003898662205635402
        jobs: 0.001661628878059052
        np.log1p(unit_sqft): 0.0077211940737951495
        sum_residential_units: 0.0029880533848249354
    T-Score:
        Intercept: 34.55648531052364
        ave_lot_sqft: -5.955125308706884
        ave_unit_sqft: 10.697502720050126
        jobs: 12.981144143408448
        np.log1p(unit_sqft): -25.842054731037134
        sum_residential_units: 4.356530709633093

fit_rsquared_adj: 0.2489415711323859

fit_rsquared: 0.24981550460791258
